% Boiloid Parameters

l0 = 0.45;
l1 = 0.0;%0.145;
l2 = 0.25;
l3 = 0.675;
l4 = 0.745;
l5 = 0.385;
l6 = 0.31;
l7 = 0.75;
l8 = 0.145;
l9 = 0.295;